0 0 0 0.000000 0.000000 0.000000
4 0 0 0.498617 1.000000 0.007923
6 0 0 0.289472 0.940105 0.012832
8 0 1 0.420229 0.933386 0.017408
10 1 1 0.366086 0.855575 0.021119
11 2 2 0.334070 0.760006 0.025466
12 3 3 0.315029 0.693239 0.029614
14 3 3 0.293233 0.678048 0.033874
15 5 4 0.276876 0.620488 0.037438
16 6 4 0.256805 0.585251 0.041099
17 7 6 0.281549 0.526177 0.044731
18 8 6 0.298298 0.505445 0.048711
20 9 7 0.280848 0.495402 0.052835
22 9 7 0.260005 0.505393 0.057515
24 10 8 0.259879 0.507702 0.061891
26 11 8 0.249993 0.518775 0.066788
26 12 9 0.231446 0.499527 0.070004
28 13 9 0.235949 0.493735 0.074232
29 14 10 0.229324 0.471302 0.077991
30 15 11 0.226080 0.457785 0.081671
31 16 12 0.217219 0.448014 0.085495
33 17 13 0.199383 0.449754 0.089542
34 18 13 0.189691 0.443361 0.093631
36 19 13 0.178596 0.460262 0.097944
38 20 14 0.166188 0.465411 0.102423
40 21 14 0.173255 0.480563 0.106427
41 22 15 0.165475 0.477405 0.110046
42 23 16 0.167177 0.474796 0.113926
44 24 16 0.175698 0.484321 0.117883
45 25 17 0.181044 0.477433 0.121682
46 26 18 0.184045 0.470481 0.125687
49 26 17 0.171071 0.496925 0.130234
49 27 19 0.178753 0.482975 0.134131
51 28 20 0.185556 0.478248 0.138405
52 29 21 0.181936 0.477470 0.142121
53 30 22 0.190100 0.481259 0.147057
55 31 22 0.187358 0.484724 0.151424
58 31 22 0.175137 0.492681 0.156602
59 31 24 0.196511 0.484773 0.161427
60 32 24 0.182042 0.473553 0.165515
62 33 25 0.183790 0.479970 0.170992
65 33 25 0.166720 0.492183 0.175834
66 34 26 0.171203 0.474980 0.180500
70 33 25 0.162537 0.497243 0.187215
72 34 26 0.152098 0.504035 0.192589
75 34 26 0.156646 0.505533 0.197981
78 34 26 0.148524 0.516911 0.204152
80 35 26 0.152260 0.521130 0.208372
79 37 27 0.160142 0.504223 0.210314
80 38 29 0.169739 0.499970 0.214179
83 38 29 0.169130 0.503865 0.219366
86 38 28 0.165860 0.513708 0.225536
87 39 30 0.170207 0.501586 0.229788
88 40 30 0.178699 0.496234 0.233291
89 41 31 0.187529 0.489593 0.237245
92 41 32 0.192333 0.495705 0.242506
92 43 33 0.197005 0.477786 0.244995
92 45 34 0.205395 0.473044 0.247464
92 46 35 0.213040 0.456140 0.250500
94 47 36 0.213383 0.457569 0.253974
95 48 36 0.214119 0.457149 0.258749
97 49 37 0.223763 0.451055 0.262919
97 50 38 0.230364 0.443441 0.265740
97 51 40 0.245951 0.431427 0.268842
98 53 40 0.248780 0.428009 0.272430
99 54 42 0.253324 0.420897 0.276283
100 55 42 0.256276 0.419712 0.280117
102 56 43 0.254845 0.421307 0.283860
103 57 44 0.254497 0.417691 0.287636
104 58 45 0.259114 0.417169 0.291398
104 59 47 0.276074 0.402764 0.294404
105 60 47 0.265366 0.401361 0.297845
107 61 48 0.270049 0.405667 0.302408
108 62 49 0.293900 0.403547 0.306162
109 63 49 0.286540 0.404227 0.310100
110 64 50 0.299650 0.405920 0.313938
111 65 51 0.302047 0.399983 0.317508
112 66 52 0.294759 0.396222 0.321073
113 68 53 0.278891 0.394548 0.323870
113 70 54 0.269146 0.387401 0.326462
114 72 54 0.243033 0.389663 0.329133
114 73 55 0.235094 0.383233 0.331749
115 75 55 0.224493 0.381274 0.334092
116 77 56 0.233345 0.383822 0.337775
117 78 57 0.219345 0.378369 0.340668
118 79 58 0.220686 0.374266 0.344564
118 81 58 0.213647 0.376398 0.347317
119 81 60 0.215522 0.374401 0.352032
119 83 61 0.222762 0.363103 0.355299
120 84 63 0.218509 0.361726 0.359148
120 85 65 0.217824 0.353159 0.362317
120 85 67 0.230238 0.354723 0.367773
120 86 69 0.232454 0.346403 0.371750
121 87 70 0.226047 0.342454 0.375744
121 88 73 0.224579 0.337971 0.379971
120 89 76 0.231760 0.331866 0.384313
120 90 77 0.230966 0.318347 0.388097
121 91 79 0.229431 0.318116 0.392386
121 92 81 0.236563 0.315755 0.396502
121 93 82 0.237748 0.309899 0.399717
121 94 84 0.245752 0.309918 0.404062
121 95 87 0.253977 0.305787 0.408072
121 95 89 0.261430 0.306623 0.412433
122 96 90 0.261677 0.304826 0.416629
122 97 92 0.275596 0.304438 0.421303
123 98 94 0.281910 0.298593 0.425694
124 99 94 0.282381 0.292762 0.429181
126 100 95 0.283801 0.294363 0.433666
127 101 96 0.283369 0.288722 0.437208
129 102 96 0.279009 0.285073 0.441083
130 103 97 0.277206 0.276287 0.444760
132 104 96 0.275525 0.275993 0.448637
135 104 96 0.279832 0.270633 0.453105
137 105 96 0.290068 0.271967 0.457659
141 105 95 0.299179 0.272220 0.462303
144 105 96 0.309033 0.273763 0.467271
147 105 95 0.332485 0.276208 0.472989
152 104 94 0.359805 0.282131 0.479419
157 103 94 0.394564 0.283429 0.486150
161 102 93 0.418688 0.290580 0.491428
164 102 93 0.446414 0.291021 0.497618
167 102 94 0.457945 0.293094 0.502339
167 104 94 0.446236 0.285669 0.504935
166 107 96 0.416636 0.271001 0.505624
164 109 98 0.395291 0.255549 0.507111
162 113 100 0.367813 0.239578 0.507590
159 116 102 0.344844 0.215475 0.508410
158 119 104 0.328871 0.199130 0.509684
156 122 105 0.293950 0.180501 0.510937
156 123 107 0.294253 0.157824 0.513777
156 125 108 0.280471 0.147984 0.516289
157 127 109 0.273918 0.139117 0.519315
156 129 110 0.267100 0.127585 0.522292
156 130 112 0.266734 0.119069 0.525632
156 131 114 0.273695 0.115739 0.529138
157 132 115 0.263145 0.112760 0.533273
156 134 117 0.268502 0.107888 0.536828
157 134 119 0.255931 0.106553 0.541312
157 135 121 0.261536 0.100426 0.545284
157 136 123 0.258092 0.096908 0.549264
159 137 124 0.257396 0.098019 0.553390
159 138 125 0.264341 0.095035 0.557445
159 139 127 0.273209 0.095058 0.561297
160 141 128 0.286464 0.095370 0.565011
161 141 129 0.304015 0.096061 0.568834
161 143 131 0.317129 0.095506 0.572431
162 143 132 0.326970 0.097005 0.576365
162 145 134 0.334329 0.095403 0.580014
163 145 135 0.353932 0.095961 0.584164
163 147 137 0.353944 0.092074 0.587798
165 148 137 0.341279 0.093969 0.591739
165 149 138 0.333794 0.091901 0.595357
166 150 139 0.332654 0.091721 0.599383
167 151 140 0.320738 0.090053 0.603345
169 152 141 0.314307 0.089844 0.607046
170 153 142 0.316069 0.091425 0.610998
170 154 143 0.302670 0.088699 0.614769
171 155 144 0.320143 0.088724 0.618692
172 156 145 0.319460 0.088977 0.622529
173 157 147 0.320819 0.088680 0.626543
173 158 148 0.339988 0.086854 0.630896
175 159 149 0.327582 0.089996 0.634847
176 159 150 0.341915 0.091208 0.639015
176 160 152 0.352867 0.089225 0.643055
176 162 154 0.370974 0.087774 0.646590
178 163 154 0.361639 0.089861 0.650573
178 164 155 0.358920 0.086942 0.654595
179 165 157 0.367260 0.085716 0.658561
180 166 158 0.362680 0.086877 0.662639
181 167 158 0.357116 0.087272 0.666232
181 168 160 0.364736 0.084191 0.670300
182 169 161 0.346201 0.083670 0.673779
183 170 162 0.348212 0.082987 0.677478
184 171 164 0.339224 0.080842 0.681487
185 172 164 0.329590 0.079501 0.685405
185 173 166 0.330569 0.076869 0.689223
187 175 166 0.335134 0.079311 0.693007
187 175 168 0.335397 0.077071 0.697305
189 176 169 0.345649 0.078803 0.701341
190 177 169 0.346090 0.081832 0.705215
191 179 170 0.348837 0.083604 0.709027
192 179 171 0.354144 0.084472 0.713489
193 180 172 0.344187 0.086202 0.717261
195 181 172 0.327804 0.087798 0.721252
196 183 173 0.323735 0.085946 0.724883
197 184 174 0.317236 0.085230 0.728946
198 185 175 0.317400 0.084552 0.732789
199 186 176 0.299219 0.082888 0.736712
200 187 177 0.294730 0.083136 0.740392
200 188 178 0.296819 0.080255 0.743901
201 189 179 0.289016 0.080113 0.748122
202 190 180 0.286951 0.076841 0.751457
202 191 182 0.279811 0.073027 0.755603
203 192 184 0.286850 0.070445 0.759861
204 193 184 0.270719 0.070284 0.763870
205 194 185 0.273731 0.071342 0.767971
206 195 187 0.273233 0.070116 0.772093
207 196 188 0.277838 0.069900 0.776212
207 197 190 0.289999 0.067756 0.779925
208 198 191 0.290182 0.070083 0.783874
209 199 192 0.296756 0.068487 0.788129
210 200 193 0.295244 0.070203 0.791950
211 201 194 0.309432 0.070022 0.795989
211 201 196 0.319062 0.070602 0.800341
213 202 197 0.318230 0.072802 0.804606
213 203 198 0.330002 0.071648 0.808461
214 204 200 0.337807 0.072275 0.812366
215 205 201 0.329414 0.071598 0.816572
215 206 202 0.337498 0.069057 0.820304
216 207 204 0.338597 0.068616 0.824347
217 208 205 0.339823 0.068205 0.828524
217 209 207 0.359478 0.064659 0.832144
217 210 209 0.377636 0.063613 0.836337
217 211 211 0.393213 0.060395 0.840493
216 212 213 0.411417 0.058725 0.844382
217 213 215 0.420746 0.058009 0.848804
217 213 217 0.430908 0.059136 0.853694
218 214 219 0.438038 0.060116 0.858327
217 215 221 0.457983 0.058713 0.862438
218 215 223 0.469318 0.059297 0.866876
218 216 226 0.491911 0.057998 0.871054
218 217 228 0.507641 0.057583 0.875024
218 218 229 0.521104 0.055794 0.878995
218 219 231 0.534306 0.054552 0.882953
219 220 233 0.545464 0.053786 0.886948
219 221 234 0.552509 0.053163 0.890958
220 222 235 0.548606 0.053397 0.894844
221 223 236 0.552316 0.053556 0.898763
222 224 238 0.555823 0.053496 0.902673
223 225 239 0.552407 0.053762 0.906556
223 227 240 0.555860 0.053214 0.910405
225 228 241 0.542222 0.053647 0.914235
227 229 240 0.522028 0.054047 0.918053
228 230 241 0.511296 0.053637 0.921809
230 231 241 0.486150 0.054104 0.925279
233 232 239 0.445979 0.055144 0.928690
235 233 240 0.428252 0.053979 0.932252
236 234 240 0.418486 0.050604 0.935352
236 235 241 0.423438 0.049438 0.939015
237 237 243 0.430122 0.048467 0.942648
240 238 242 0.388782 0.047235 0.945874
245 240 237 0.290579 0.041578 0.946841
247 242 236 0.253654 0.036064 0.949258
248 244 236 0.236057 0.035342 0.951997
247 246 238 0.281409 0.031437 0.954848
249 247 238 0.267314 0.032499 0.957205
246 247 245 0.373052 0.021020 0.963461
246 248 246 0.373078 0.018048 0.968044
246 249 248 0.402521 0.016262 0.972050
247 250 249 0.410787 0.015944 0.975505
248 251 251 0.429170 0.015557 0.979194
247 253 253 0.456530 0.015610 0.982457
249 253 253 0.449183 0.011645 0.986809
251 254 254 0.460582 0.008210 0.991050
253 254 254 0.339525 0.001964 0.996399
255 255 255 0.000000 0.000000 1.000000
