0 13 194 58
1 44 222 173
2 89 132 210
3 34 219 122
4 0 56 47
5 79 190 137
6 52 6 236
7 70 19 53
8 200 142 95
9 118 150 188
10 202 180 244
11 128 123 192
12 2 223 169
13 219 143 155
14 212 149 100
15 225 165 67
16 64 129 114
17 193 91 125
18 47 170 240
19 35 222 7
20 164 255 151
21 37 166 98
22 19 201 147
23 24 0 123
24 33 64 80
25 165 120 104
26 83 98 53
27 27 73 19
28 221 85 101
29 148 221 48
30 33 241 55
31 223 111 218
32 50 158 51
33 147 249 24
34 250 239 87
35 10 75 195
36 94 6 19
37 135 33 224
38 165 239 47
39 215 152 96
40 139 124 205
41 129 110 51
42 154 211 22
43 244 233 58
44 1 62 122
45 32 232 208
46 85 142 42
47 94 73 69
48 190 59 67
49 100 144 117
50 20 57 236
51 72 253 83
52 216 248 165
53 133 91 126
54 243 181 232
55 38 28 199
56 251 171 84
57 187 81 134
58 37 196 92
59 51 210 171
60 164 149 24
61 19 24 243
62 175 218 129
63 201 68 132
64 135 200 186
65 171 215 107
66 13 144 239
67 100 37 91
68 138 44 46
69 97 50 158
70 13 39 132
71 52 62 105
72 226 87 56
73 224 23 73
74 210 58 38
75 17 175 138
76 99 41 137
77 241 150 216
78 20 244 51
79 15 94 239
80 117 124 150
81 123 87 150
82 200 228 254
83 147 206 95
84 44 72 123
85 199 70 64
86 247 85 14
87 119 162 84
88 239 177 206
89 59 239 147
90 15 153 95
91 188 91 146
92 140 26 19
93 97 66 71
94 246 115 223
95 209 194 76
96 7 57 11
97 119 245 162
98 97 163 153
99 125 70 243
100 124 103 242
101 164 147 74
102 138 101 204
103 162 53 213
104 65 78 18
105 240 212 124
106 118 223 53
107 145 153 153
108 4 233 191
109 44 126 197
110 12 192 160
111 192 188 42
112 80 167 4
113 155 60 245
114 233 205 138
115 118 255 187
116 23 166 170
117 109 144 200
118 203 129 8
119 143 213 237
120 204 198 117
121 182 220 251
122 174 207 26
123 10 13 75
124 91 85 126
125 152 15 86
126 22 164 58
127 82 12 246
128 18 153 129
129 94 21 182
130 231 40 75
131 55 181 104
132 144 11 42
133 135 227 101
134 23 180 63
135 151 145 107
136 236 207 29
137 41 171 167
138 150 122 70
139 47 237 162
140 151 103 189
141 133 56 21
142 24 45 241
143 68 170 149
144 75 214 18
145 237 143 50
146 193 65 170
147 184 107 139
148 245 137 216
149 215 23 118
150 18 64 155
151 46 119 250
152 195 215 43
153 251 190 110
154 63 232 170
155 66 215 118
156 0 83 236
157 130 140 37
158 98 19 162
159 251 164 179
160 95 86 68
161 44 27 47
162 214 48 249
163 35 5 31
164 139 252 112
165 202 91 231
166 33 135 25
167 84 223 4
168 164 55 16
169 139 249 78
170 200 26 144
171 247 159 186
172 240 128 159
173 242 113 119
174 247 154 61
175 68 191 17
176 113 164 35
177 199 82 53
178 100 199 62
179 194 196 43
180 32 120 253
181 137 47 58
182 243 86 67
183 78 162 99
184 76 206 232
185 184 221 133
186 26 134 28
187 129 117 98
188 121 151 186
189 28 174 80
190 7 224 67
191 11 124 92
192 28 193 227
193 204 177 216
194 232 107 121
195 6 88 19
196 243 160 167
197 52 189 9
198 162 168 201
199 33 54 8
200 127 179 237
201 42 132 150
202 136 126 136
203 191 205 61
204 73 181 68
205 226 73 96
206 153 250 245
207 188 98 192
208 44 82 174
209 92 157 45
210 48 106 16
211 1 80 237
212 253 103 121
213 82 152 228
214 64 3 230
215 204 131 100
216 15 12 103
217 80 249 101
218 144 189 60
219 184 234 224
220 244 109 185
221 82 112 117
222 72 211 104
223 123 228 32
224 245 22 230
225 245 230 204
226 84 117 50
227 162 250 51
228 132 204 192
229 203 87 237
230 150 40 189
231 237 67 17
232 106 76 124
233 231 131 136
234 151 107 162
235 6 148 77
236 62 128 110
237 156 92 176
238 251 160 74
239 216 165 41
240 26 177 53
241 204 213 254
242 19 241 194
243 121 15 39
244 105 241 225
245 75 210 164
246 11 84 231
247 86 138 15
248 145 245 104
249 202 208 134
250 130 191 170
251 57 48 123
252 190 68 35
253 206 131 227
254 113 214 93
255 136 18 39
